null
2
0	0.997056	-0.04307	0.0634383	0.043157	0.999068	0	-0.0633792	0.0027378	0.997986	19.051	4.08901	549
0	0.999955	-0.00930137	-0.00209425	0.00923462	0.99951	-0.0298991	0.00237133	0.0298784	0.999551	-130.949	4.0984	548.686
1	0.973714	-0.127539	0.188717	0.130003	0.991513	-0.000685576	-0.187028	0.0252014	0.982031	28.0085	7.74322	549.3
1	0.999796	-0.0195301	-0.00523535	0.0193212	0.999115	-0.0373589	0.00596034	0.0372501	0.999288	-121.989	7.77256	548.515
2	0.953587	-0.167756	0.25006	0.174119	0.984719	-0.00337956	-0.245672	0.0467629	0.968224	36.7651	15.8478	550.117
2	0.99964	-0.025107	-0.00942291	0.0246607	0.998691	-0.044808	0.0105356	0.0445595	0.998951	-113.228	15.9111	548.705
3	0.907362	-0.201378	0.368974	0.219425	0.975603	-0.00713675	-0.358535	0.0874377	0.929412	45.2161	18.5826	550.058
3	0.999407	-0.0311452	-0.0146563	0.0303406	0.998173	-0.0522433	0.0162567	0.0517676	0.998527	-104.768	18.6974	547.863
4	0.835265	-0.26538	0.481566	0.308864	0.951035	-0.0116228	-0.454902	0.158447	0.876333	53.2606	24.4809	552.442
4	0.999133	-0.0376452	-0.0177956	0.0365229	0.99755	-0.0596648	0.0199981	0.0589631	0.99806	-96.7156	24.6402	549.778
5	0.779011	-0.327144	0.534901	0.395398	0.918401	-0.0141528	-0.486624	0.222524	0.844796	70.2528	26.2473	555.411
5	0.998354	-0.0515603	-0.0251183	0.0497776	0.996506	-0.0670629	0.0284883	0.0657022	0.997433	-79.6999	26.5001	551.652
6	0.682457	-0.362476	0.634715	0.480708	0.876732	-0.0161783	-0.550611	0.316154	0.772577	77.2023	29.7759	556.359
6	0.997364	-0.0663872	-0.0293011	0.0640539	0.995166	-0.0744447	0.0341016	0.0723715	0.996795	-72.7333	30.1032	551.976
7	0.59339	-0.350814	0.724444	0.527821	0.849092	-0.0211617	-0.607696	0.394934	0.689009	84.3271	30.9273	561.766
7	0.996489	-0.0742357	-0.0387077	0.0708827	0.994126	-0.0817886	0.0445519	0.0787577	0.995898	-65.5605	31.4025	555.979
8	0.538631	-0.352863	0.765091	0.570845	0.820726	-0.0233581	-0.619688	0.44933	0.643498	89.8518	31.7249	564.103
8	0.994652	-0.0908391	-0.0491521	0.0862202	0.992284	-0.0890943	0.0568661	0.0843799	0.99481	-59.9669	32.3826	556.759
9	0.442903	-0.320452	0.837345	0.618601	0.785252	-0.0266846	-0.648976	0.529801	0.546023	99.9641	31.4897	571.31
9	0.993184	-0.0995447	-0.0606306	0.0934389	0.990952	-0.0963536	0.0696735	0.0900316	0.993499	-49.7599	32.3676	562.258
10	0.372398	-0.326487	0.86875	0.694642	0.718825	-0.0276215	-0.615461	0.613756	0.494481	103.802	30.0373	579.94
10	0.990769	-0.117915	-0.066886	0.110644	0.988445	-0.103603	0.0783294	0.0952461	0.992367	-45.8618	31.0791	569.961
11	0.266317	-0.281976	0.921718	0.770145	0.637273	-0.0275651	-0.579614	0.717198	0.386879	106.724	27.3636	583.076
11	0.987293	-0.137057	-0.0804243	0.1278	0.985597	-0.110753	0.0944454	0.0990676	0.990589	-42.7901	28.704	571.087
12	0.204279	-0.262119	0.943167	0.836579	0.54707	-0.029155	-0.508336	0.794989	0.331038	109.076	25.6484	593.24
12	0.983025	-0.156971	-0.0949807	0.145474	0.982321	-0.117827	0.111797	0.10201	0.988481	-40.2455	27.3347	579.093
13	0.126004	-0.17866	0.975809	0.867778	0.496501	-0.0211503	-0.480712	0.849451	0.217598	110.337	20.914	603.866
13	0.978693	-0.177759	-0.102767	0.164593	0.97842	-0.124916	0.122754	0.10534	0.986831	-38.8693	22.8498	588.573
14	0.0796753	-0.139783	0.986971	0.915864	0.401123	-0.0171249	-0.393503	0.905296	0.159981	110.641	15.1366	607.561
14	0.973623	-0.199306	-0.111061	0.184325	0.973968	-0.131946	0.134468	0.107995	0.985016	-38.4307	17.3483	591.049
15	0.0466083	-0.0918383	0.994683	0.941736	0.336098	-0.0130957	-0.333108	0.937339	0.102152	108.727	8.35227	611.651
15	0.966676	-0.221329	-0.12865	0.203441	0.969205	-0.138758	0.155399	0.107961	0.981935	-40.0267	11.0524	592.543
16	0.0184316	-0.0411775	0.998982	0.960376	0.278638	-0.00623396	-0.278097	0.959513	0.0446816	104.725	4.81245	620.288
16	0.962727	-0.232658	-0.13794	0.212636	0.966218	-0.145632	0.167163	0.110873	0.979675	-43.8412	7.85481	599.822
17	-0.00397029	0.0118745	0.999922	0.985201	0.171395	0.00187646	-0.171359	0.985131	-0.0123792	101.829	-3.85335	629.432
17	0.958375	-0.244324	-0.147727	0.222021	0.963054	-0.152426	0.179511	0.113283	0.977212	-46.5256	-0.438252	607.538
18	-0.015474	0.0679794	0.997567	0.998736	0.048776	0.0121683	-0.0478301	0.996494	-0.0686482	97.6672	-14.2147	634.36
18	0.94856	-0.268178	-0.16827	0.242406	0.95708	-0.15886	0.203651	0.109898	0.972856	-50.1939	-10.147	609.449
19	-0.0156577	0.125314	0.991994	0.997746	-0.062781	0.0236793	0.0652457	0.990129	-0.124049	87.3791	-25.4429	639.24
19	0.939216	-0.292961	-0.179019	0.264793	0.950007	-0.165441	0.218537	0.107982	0.969836	-60.1978	-20.9274	612.77
20	-0.00572649	0.237162	0.971453	0.981435	-0.184908	0.0509271	0.191708	0.95371	-0.2317	81.3158	-31.4515	649.338
20	0.928733	-0.318215	-0.190249	0.287609	0.942192	-0.171917	0.233958	0.104948	0.966566	-65.9445	-26.4542	621.241
21	0.0090432	0.344257	0.938832	0.96748	-0.240354	0.0788153	0.252784	0.907589	-0.335236	75.0777	-37.8129	659.747
21	0.914721	-0.342997	-0.21363	0.308825	0.934347	-0.177827	0.260599	0.0966875	0.960593	-71.4595	-31.9798	628.238
22	0.0304591	0.394853	0.918239	0.949777	-0.297676	0.0964989	0.311441	0.869183	-0.384089	68.1677	-50.1566	676.377
22	0.898982	-0.367756	-0.237879	0.330219	0.925901	-0.183474	0.287726	0.0863881	0.953808	-77.5265	-43.4164	641.338
23	0.0631717	0.490709	0.869031	0.929206	-0.346622	0.128178	0.364123	0.799411	-0.477866	59.8363	-57.0888	687.33
23	0.890366	-0.380167	-0.250441	0.340008	0.921136	-0.18948	0.302724	0.0835548	0.949409	-85.3834	-49.7365	650.491
24	0.104698	0.577357	0.809751	0.906255	-0.390707	0.1614	0.409561	0.716943	-0.564139	51.8381	-70.395	704.844
24	0.881133	-0.392681	-0.26345	0.349902	0.916194	-0.195336	0.318076	0.0799352	0.944689	-92.8629	-62.3931	666.146
25	0.187232	0.644465	0.741356	0.849853	-0.484762	0.206773	0.492639	0.59133	-0.638464	33.1471	-84.0582	717.033
25	0.864604	-0.419272	-0.276896	0.374552	0.90515	-0.20103	0.334919	0.0700993	0.939636	-110.988	-75.3688	676.418
26	0.245381	0.705496	0.664879	0.81282	-0.523494	0.255493	0.52831	0.477734	-0.701897	14.7599	-97.992	729.453
26	0.842769	-0.443811	-0.304585	0.396783	0.894585	-0.205622	0.363734	0.0524381	0.930026	-128.113	-88.129	684.843
27	0.30708	0.75343	0.581416	0.785245	-0.545752	0.29248	0.537673	0.366739	-0.759217	5.85612	-104.62	741.162
27	0.83099	-0.455867	-0.318811	0.406718	0.88888	-0.210886	0.379521	0.045578	0.92406	-136.317	-93.9802	694.539
28	0.358888	0.76307	0.537516	0.740829	-0.583185	0.333268	0.567778	0.278601	-0.774603	-3.13994	-112.118	747.074
28	0.805664	-0.479386	-0.347986	0.42925	0.877286	-0.214741	0.408227	0.0236364	0.912574	-143.765	-100.162	696.264
29	0.464301	0.765106	0.446136	0.671301	-0.632593	0.386238	0.577736	0.120161	-0.807331	-13.1075	-126.324	753.031
29	0.792105	-0.490777	-0.362915	0.439193	0.871165	-0.219502	0.423886	0.0144789	0.9056	-152.881	-113.501	700.125
30	0.527735	0.77363	0.350704	0.637293	-0.633588	0.438662	0.561563	-0.00799546	-0.827395	-22.9242	-141.05	760.006
30	0.772475	-0.498511	-0.393408	0.446119	0.866876	-0.222495	0.451952	-0.00363491	0.892035	-160.829	-126.768	702.749
31	0.627548	0.736538	0.252379	0.573959	-0.656669	0.489241	0.526074	-0.162167	-0.834834	-31.553	-147.759	778.002
31	0.741773	-0.519307	-0.424373	0.469181	0.853979	-0.224922	0.479209	-0.032267	0.877108	-167.376	-131.947	716.341
32	0.680509	0.716736	0.152305	0.552027	-0.638165	0.536668	0.481845	-0.281131	-0.829934	-39.8494	-161.806	789.997
32	0.719199	-0.524465	-0.45573	0.475976	0.849728	-0.226737	0.506162	-0.0538478	0.860756	-173.367	-144.393	723.892
33	0.761816	0.645735	0.0515939	0.503687	-0.640547	0.579654	0.407352	-0.415603	-0.813227	-48.5023	-175.366	795.978
33	0.695223	-0.528313	-0.487392	0.482791	0.845563	-0.227895	0.53252	-0.0768706	0.842919	-179.48	-156.285	725.403
34	0.795914	0.603449	-0.0486805	0.499085	-0.608492	0.61697	0.342688	-0.515351	-0.78548	-56.546	-181.698	814.795
34	0.666287	-0.550124	-0.503414	0.509811	0.828729	-0.23087	0.544201	-0.10282	0.83263	-186.153	-161.522	742.028
35	0.824685	0.557001	-0.0982113	0.476388	-0.590463	0.651466	0.304877	-0.584041	-0.752294	-70.6049	-194.007	826.602
35	0.628382	-0.563996	-0.535765	0.533531	0.813682	-0.230796	0.566111	-0.140819	0.812212	-197.26	-172.04	749.298
36	0.84164	0.503426	-0.195458	0.486967	-0.551012	0.677679	0.233462	-0.665544	-0.708906	-83.6777	-205.559	833.342
36	0.5965	-0.582593	-0.552062	0.560538	0.794683	-0.232973	0.574443	-0.170483	0.800594	-208.748	-182.421	753.831
37	0.858713	0.451208	-0.242947	0.475846	-0.526092	0.704839	0.190216	-0.72086	-0.666467	-94.9917	-216.274	844.878
37	0.576017	-0.58733	-0.56855	0.570627	0.786927	-0.234799	0.585311	-0.189182	0.788429	-218.389	-191.933	763.143
38	0.870771	0.397514	-0.28938	0.473308	-0.518253	0.712315	0.133183	-0.757229	-0.639427	-104.407	-221.512	862.702
38	0.554931	-0.59126	-0.585204	0.580834	0.778983	-0.236258	0.595554	-0.208799	0.775705	-226.04	-195.936	778.73
39	0.87933	0.288091	-0.379186	0.475935	-0.504477	0.720408	0.0162521	-0.813945	-0.580715	-111.65	-225.925	879.423
39	0.511534	-0.596448	-0.618533	0.605083	0.761137	-0.23355	0.610089	-0.254795	0.750248	-229.514	-198.348	790.836
40	0.887548	0.183984	-0.422384	0.454241	-0.502605	0.735563	-0.07696	-0.844712	-0.529659	-114.298	-234.268	896.444
40	0.480597	-0.586993	-0.651511	0.612293	0.75647	-0.229891	0.627793	-0.288431	0.722969	-228.094	-204.654	803.312
41	0.853696	0.127297	-0.504973	0.500304	-0.469647	0.727412	-0.144562	-0.873629	-0.464623	-115.86	-238.271	901.768
41	0.457941	-0.58667	-0.667914	0.622873	0.747813	-0.229791	0.634287	-0.310795	0.707875	-227.496	-207.337	806.476
42	0.835438	0.0765473	-0.544228	0.517259	-0.444125	0.731571	-0.185705	-0.892689	-0.410634	-116.774	-241.046	912.617
42	0.434903	-0.585263	-0.684344	0.63361	0.738903	-0.229261	0.639842	-0.333901	0.692179	-226.148	-208.771	815.171
43	0.785431	0.0270671	-0.618357	0.570666	-0.418506	0.706536	-0.239662	-0.907811	-0.344154	-115.802	-246.241	928.082
43	0.41154	-0.582713	-0.700772	0.64451	0.729721	-0.228286	0.644393	-0.357705	0.675873	-222.81	-212.603	828.494
44	0.72687	-0.0165336	-0.686576	0.625134	-0.398021	0.671406	-0.284373	-0.917227	-0.278974	-114.497	-250.29	932.933
44	0.364522	-0.574098	-0.733168	0.670299	0.708305	-0.221366	0.646392	-0.410749	0.64301	-216.504	-214.492	828.947
45	0.693541	-0.0557404	-0.718257	0.65041	-0.380274	0.65754	-0.309786	-0.923193	-0.227481	-111.66	-252.193	942.481
45	0.331756	-0.552585	-0.764584	0.678792	0.702668	-0.213306	0.655118	-0.448228	0.608204	-208.339	-214.237	834.256
46	0.624002	-0.0866109	-0.776608	0.693502	-0.396612	0.601459	-0.360105	-0.913891	-0.187422	-107.778	-253.853	951.429
46	0.285457	-0.535477	-0.794845	0.70529	0.67891	-0.204078	0.648907	-0.502341	0.571466	-198.799	-213.755	839.147
47	0.576572	-0.149607	-0.803233	0.695997	-0.425006	0.578756	-0.427964	-0.892742	-0.140921	-98.0169	-253.289	964.248
47	0.253647	-0.50701	-0.823774	0.714629	0.672162	-0.193657	0.651896	-0.539572	0.532816	-183.055	-211.079	848.115
48	0.522662	-0.202933	-0.828035	0.681231	-0.484557	0.548752	-0.51259	-0.850895	-0.115015	-93.022	-252.479	968.301
48	0.222394	-0.475419	-0.851186	0.724501	0.664805	-0.182024	0.652411	-0.576204	0.49229	-171.751	-208.2	848.547
49	0.477574	-0.218358	-0.851024	0.7079	-0.478077	0.519923	-0.520384	-0.850742	-0.0737412	-80.5414	-249.436	971.941
49	0.191952	-0.440693	-0.876895	0.734919	0.656717	-0.169167	0.650422	-0.611974	0.449931	-152.644	-203.145	848.821
50	0.417922	-0.254128	-0.872216	0.704827	-0.515059	0.487785	-0.573202	-0.818617	-0.036138	-74.0119	-246.144	978.839
50	0.162589	-0.402852	-0.900708	0.745885	0.647769	-0.155081	0.645926	-0.64661	0.405802	-139.176	-197.914	852.635
51	0.356475	-0.279142	-0.891631	0.698428	-0.554266	0.452756	-0.620584	-0.784136	-0.00262076	-58.6679	-240.707	988.877
51	0.143043	-0.384701	-0.91189	0.758722	0.634249	-0.148556	0.635515	-0.670621	0.382606	-120.233	-191.198	861.368
52	0.283928	-0.250824	-0.925458	0.712422	-0.590802	0.378692	-0.641747	-0.766838	0.0109474	-49.9181	-234.992	997.688
52	0.106581	-0.344664	-0.932656	0.787686	0.601694	-0.132343	0.606788	-0.720535	0.335616	-104.033	-183.672	867.542
53	0.215122	-0.214118	-0.952825	0.74205	-0.598453	0.302018	-0.634889	-0.772015	0.0301462	-40.6854	-228.109	1005.63
53	0.0743899	-0.300121	-0.950996	0.816076	0.566406	-0.114913	0.573137	-0.767537	0.287056	-87.0658	-175.095	873.198
54	0.176755	-0.198305	-0.964071	0.736359	-0.623293	0.263214	-0.653095	-0.756427	0.0358531	-31.0837	-219.382	1007.56
54	0.0600453	-0.276185	-0.959227	0.828622	0.549608	-0.106376	0.556579	-0.78845	0.261854	-73.4792	-165.229	874.255
55	0.108456	-0.155817	-0.981814	0.718538	-0.670227	0.18574	-0.686979	-0.725615	0.0392709	-21.2314	-210.295	1009.85
55	0.0469251	-0.251077	-0.966829	0.841158	0.531961	-0.0973198	0.53875	-0.808689	0.236158	-59.545	-155.039	875.764
56	0.0792027	-0.129806	-0.988371	0.732375	-0.665058	0.146033	-0.67628	-0.735424	0.0423924	-11.25	-199.665	1015.1
56	0.0351401	-0.224851	-0.973759	0.853639	0.51342	-0.0877486	0.519678	-0.828156	0.209983	-45.387	-143.347	880.334
57	0.0360826	-0.0680709	-0.997028	0.74686	-0.661054	0.0721617	-0.664001	-0.747244	0.0269869	7.85756	-188.191	1018.55
57	0.0188315	-0.198229	-0.979975	0.880518	0.467606	-0.0776668	0.473638	-0.861423	0.18335	-22.0106	-130.855	883.2
58	0.000989104	-0.00258017	-0.999996	0.690516	-0.723312	0.00254927	-0.723316	-0.690516	0.00106622	16.9293	-176.248	1021.42
58	0.00902847	-0.140572	-0.990029	0.892003	0.448602	-0.0555614	0.451939	-0.882608	0.129441	-4.19991	-117.672	884.96
59	-0.0170134	0.0682605	-0.997522	0.657409	-0.750929	-0.0625987	-0.753342	-0.656845	-0.0320992	26.5607	-163.504	1023.92
59	0.0026926	-0.0812069	-0.996694	0.903387	0.4276	-0.0323987	0.428817	-0.900313	0.0745127	14.373	-103.889	886.82
60	-0.025843	0.139531	-0.98988	0.639835	-0.758505	-0.123621	-0.768078	-0.636555	-0.0696749	44.4833	-149.996	1024.77
60	3.55675e-05	-0.0204938	-0.99979	0.914514	0.40447	-0.00825834	0.404555	-0.914321	0.0187562	41.4092	-89.5635	887.518
61	-0.0127773	0.211166	-0.977367	0.606961	-0.775133	-0.175407	-0.794629	-0.595465	-0.118265	53.2849	-135.917	1025.43
61	0.00123914	0.0411694	-0.999151	0.925206	0.379094	0.0167678	0.379463	-0.924442	-0.0376205	59.4632	-74.9035	888.543
62	0.000317143	0.278981	-0.960297	0.591321	-0.774471	-0.2248	-0.806436	-0.567772	-0.165213	69.727	-121.514	1024.69
62	0.00450993	0.0722648	-0.997375	0.935339	0.352497	0.0297696	0.353723	-0.933019	-0.0660024	80.5878	-60.0036	888.311
63	0.0387654	0.309212	-0.950203	0.562139	-0.792924	-0.235098	-0.826134	-0.525032	-0.204558	76.9707	-114.164	1023.64
63	0.0132333	0.103123	-0.994581	0.95492	0.293709	0.0431586	0.296568	-0.950316	-0.0945871	92.5659	-52.2341	887.911
64	0.0845226	0.332781	-0.939209	0.533718	-0.811083	-0.239352	-0.841428	-0.481042	-0.246166	90.4988	-106.279	1021.59
64	0.0322635	0.164432	-0.985861	0.970533	0.230511	0.070209	0.238796	-0.959076	-0.15215	115.634	-44.3197	887.32
65	0.123748	0.385062	-0.914557	0.55872	-0.788704	-0.256473	-0.820072	-0.479243	-0.312742	102.26	-98.2395	1019.32
65	0.0449478	0.1944	-0.979892	0.976264	0.199479	0.0843559	0.211867	-0.960425	-0.180819	132.19	-36.0982	886.116
66	0.18313	0.393267	-0.901002	0.496542	-0.828006	-0.260483	-0.848475	-0.399683	-0.346906	112.284	-82.614	1016.47
66	0.076625	0.252188	-0.96464	0.985032	0.130674	0.112407	0.154401	-0.958815	-0.238401	151.82	-20.9046	885.598
67	0.245917	0.391312	-0.886792	0.431755	-0.863334	-0.26123	-0.86782	-0.318636	-0.38126	116.266	-67.0127	1015.23
67	0.105102	0.276253	-0.955321	0.989885	0.0629962	0.127121	0.0952992	-0.959018	-0.266837	160.602	-5.38202	885.866
68	0.327403	0.399327	-0.856356	0.407365	-0.877407	-0.253399	-0.852561	-0.265886	-0.449937	119.526	-52.3639	1012.83
68	0.137445	0.297395	-0.944809	0.989839	-0.00615114	0.14206	0.0364362	-0.954735	-0.295219	168.669	9.08791	885.126
69	0.412193	0.390178	-0.823321	0.380553	-0.894788	-0.233524	-0.827814	-0.21706	-0.517309	123.685	-45.1992	1008.37
69	0.173414	0.315103	-0.93308	0.984609	-0.076398	0.157191	-0.0217539	-0.945978	-0.323501	177.636	15.9703	882.485
70	0.477739	0.349418	-0.806023	0.344379	-0.918551	-0.194082	-0.808188	-0.184857	-0.55916	125.208	-30.3566	1002.06
70	0.217069	0.363279	-0.90604	0.975369	-0.117995	0.186368	-0.0392047	-0.924178	-0.379944	188.687	29.4948	880.041
71	0.518555	0.330956	-0.788396	0.326615	-0.928802	-0.17507	-0.790204	-0.166718	-0.589731	125.503	-15.9915	998.991
71	0.247014	0.381591	-0.890715	0.967067	-0.155281	0.201664	-0.0613583	-0.911195	-0.407381	193.688	43.2824	879.252
72	0.596175	0.28125	-0.75198	0.250833	-0.954996	-0.158319	-0.762665	-0.0942354	-0.639892	122.593	-2.21205	995.728
72	0.29282	0.387532	-0.874114	0.949233	-0.227724	0.217024	-0.114953	-0.893287	-0.43454	195.452	56.3722	878.426
73	0.632185	0.250293	-0.733277	0.2283	-0.964545	-0.132406	-0.74042	-0.0837021	-0.666913	118.321	3.83274	989.36
73	0.360755	0.410943	-0.837246	0.919655	-0.306127	0.246008	-0.155209	-0.858727	-0.488363	200.345	60.3323	877.2
74	0.67811	0.172407	-0.714452	0.14095	-0.984559	-0.103808	-0.721318	-0.0303089	-0.691941	114.721	9.48701	985.743
74	0.416234	0.440098	-0.795653	0.89535	-0.350846	0.274327	-0.158421	-0.826572	-0.540076	205.584	63.5359	879.335
75	0.706239	0.132007	-0.695558	0.113631	-0.990861	-0.0726753	-0.698795	-0.0277106	-0.714785	106.429	20.9038	975.454
75	0.489693	0.445613	-0.74942	0.851689	-0.428448	0.301759	-0.18662	-0.786041	-0.589332	205.744	72.1375	875.396
76	0.748193	0.0905294	-0.657276	0.085234	-0.995554	-0.040098	-0.657984	-0.0260213	-0.752582	95.2943	25.6623	964.19
76	0.547001	0.461139	-0.698671	0.817742	-0.472929	0.328079	-0.179132	-0.750792	-0.635786	202.611	73.7204	871.058
77	0.78596	-0.00682796	-0.61824	0.0184946	-0.999232	0.0345477	-0.618001	-0.0385872	-0.78523	88.8401	30.7972	956.229
77	0.603629	0.470588	-0.643567	0.779639	-0.517216	0.353059	-0.166718	-0.714867	-0.679095	203.649	75.3269	870.578
78	0.813359	-0.0598183	-0.578678	-0.0193963	-0.996935	0.0757915	-0.581438	-0.0504215	-0.812027	75.3174	39.0672	952.102
78	0.65882	0.473855	-0.584309	0.737326	-0.560909	0.376471	-0.149352	-0.678853	-0.718924	197.047	79.7266	874.458
79	0.821313	-0.114327	-0.558904	-0.0295618	-0.986926	0.15844	-0.569711	-0.113607	-0.813955	67.3384	45.4198	947.763
79	0.6948	0.459686	-0.55312	0.703242	-0.595358	0.388586	-0.150676	-0.658967	-0.736925	192.304	84.1189	874.373
80	0.836847	-0.172584	-0.519521	-0.0467347	-0.968064	0.246309	-0.545438	-0.181843	-0.818187	51.1099	48.0196	938.827
80	0.746832	0.413497	-0.520829	0.641479	-0.654444	0.400259	-0.175348	-0.633027	-0.754009	179.159	84.65	869.822
81	0.834986	-0.229845	-0.499969	-0.0602644	-0.941319	0.332095	-0.546961	-0.247164	-0.79984	32.8873	52.0299	924.634
81	0.795088	0.360849	-0.487465	0.573686	-0.708236	0.411444	-0.196771	-0.606786	-0.770125	163.859	86.4855	860.141
82	0.81742	-0.345037	-0.461274	-0.168305	-0.908877	0.381595	-0.550906	-0.234289	-0.801006	14.7386	54.8232	915.153
82	0.838744	0.302067	-0.45306	0.500274	-0.756016	0.422096	-0.215019	-0.580685	-0.785221	148.461	87.0004	855.295
83	0.781615	-0.458528	-0.422883	-0.242094	-0.847812	0.471811	-0.574864	-0.266398	-0.773669	5.7514	55.6017	899.926
83	0.866641	0.27295	-0.41765	0.453725	-0.779333	0.432173	-0.207527	-0.564037	-0.799246	142.043	85.3996	844.818
84	0.727994	-0.567311	-0.384946	-0.336105	-0.784709	0.520831	-0.597543	-0.24978	-0.76194	-13.4364	55.7566	889.986
84	0.915562	0.207848	-0.344303	0.354887	-0.820302	0.448508	-0.189211	-0.532826	-0.8248	127.392	80.4285	844.615
85	0.652444	-0.663406	-0.366346	-0.376868	-0.703425	0.60263	-0.657486	-0.255118	-0.708962	-33.4325	54.8832	884.616
85	0.942489	0.133392	-0.306464	0.268519	-0.848174	0.456616	-0.199026	-0.512647	-0.835213	109.35	76.9348	844.281
86	0.563577	-0.749078	-0.348227	-0.399108	-0.615998	0.67916	-0.723252	-0.243779	-0.646126	-53.2617	53.792	879.119
86	0.968734	0.096127	-0.228722	0.196151	-0.861238	0.468822	-0.151918	-0.499028	-0.853166	92.762	70.3144	849.051
87	0.465866	-0.827693	-0.312879	-0.408168	-0.51474	0.75395	-0.785091	-0.223532	-0.577638	-72.2523	50.1992	874.257
87	0.981882	0.01451	-0.188935	0.104253	-0.873963	0.47468	-0.158234	-0.485777	-0.859641	75.0462	63.8984	849.448
88	0.414594	-0.866379	-0.278386	-0.410109	-0.450975	0.792737	-0.812356	-0.214496	-0.542281	-81.3246	45.2812	869.359
88	0.993788	-0.0274938	-0.107837	0.0281076	-0.875576	0.482262	-0.107679	-0.482298	-0.869364	67.8007	53.1278	855.214
89	0.359507	-0.900449	-0.244839	-0.358224	-0.375453	0.854816	-0.861644	-0.219605	-0.457541	-90.0766	39.495	851.975
89	0.993273	-0.112987	-0.025368	-0.0864662	-0.869365	0.486548	-0.0770278	-0.481081	-0.873286	59.8752	41.347	848.651
90	0.238584	-0.947628	-0.212319	-0.363235	-0.289843	0.885466	-0.900632	-0.134136	-0.413364	-106.792	35.5059	834.379
90	0.985571	-0.155449	-0.0669783	-0.103667	-0.867155	0.487129	-0.133804	-0.473157	-0.870758	42.8715	40.411	825.612
91	0.110703	-0.974207	-0.196634	-0.297677	-0.221269	0.92867	-0.948227	-0.0442736	-0.314494	-122.263	31.505	817.564
91	0.964739	-0.239677	-0.108785	-0.15853	-0.859037	0.486749	-0.210113	-0.45234	-0.866742	26.8466	39.4951	803.336
92	-0.0202709	-0.98317	-0.181567	-0.217388	-0.172925	0.960645	-0.975875	0.0589437	-0.210224	-136.234	26.2666	806.615
92	0.927959	-0.3192	-0.192362	-0.194056	-0.854512	0.481822	-0.318173	-0.409782	-0.854895	10.9647	40.4338	781.478
93	-0.0862861	-0.982152	-0.16713	-0.11748	-0.156555	0.980657	-0.98932	0.104252	-0.101875	-148.532	21.2687	788.65
93	0.90448	-0.356615	-0.23397	-0.21214	-0.852035	0.478573	-0.370017	-0.383225	-0.846301	-2.69507	38.5439	758.1
94	-0.217946	-0.965939	-0.139504	-0.0216862	-0.138112	0.990179	-0.97572	0.218831	0.00915345	-153.768	14.951	777.65
94	0.859333	-0.430903	-0.275444	-0.268402	-0.83845	0.474302	-0.435324	-0.333654	-0.836163	-9.57057	35.3361	741.713
95	-0.282886	-0.950798	-0.126328	0.0816688	-0.155107	0.984516	-0.95567	0.268188	0.121528	-162.287	8.16863	771.654
95	0.81522	-0.455757	-0.357354	-0.269928	-0.844915	0.461798	-0.512402	-0.280008	-0.811813	-22.1919	34.6725	725.062
96	-0.346799	-0.931009	-0.113812	0.12869	-0.167426	0.977449	-0.929069	0.324332	0.177875	-166.149	0.97678	760.685
96	0.764351	-0.474011	-0.437128	-0.273766	-0.852358	0.445576	-0.583797	-0.220905	-0.781269	-31.2391	33.4607	703.728
97	-0.469577	-0.876984	-0.101961	0.210418	-0.223322	0.951762	-0.857451	0.425472	0.2894	-170.471	-13.1188	743.818
97	0.707538	-0.484869	-0.514094	-0.280298	-0.860364	0.425684	-0.648709	-0.157088	-0.744648	-41.8105	25.1521	676.87
98	-0.528342	-0.844164	-0.0907808	0.294627	-0.28257	0.912879	-0.796272	0.455566	0.398007	-172.6	-26.7858	732.959
98	0.622592	-0.51684	-0.587584	-0.329508	-0.854195	0.402212	-0.709791	-0.0568001	-0.702118	-51.2258	17.025	656.481
99	-0.638607	-0.766365	-0.069764	0.30776	-0.337438	0.889618	-0.705312	0.546645	0.451346	-172.512	-34.8464	728.016
99	0.553064	-0.553307	-0.622873	-0.394233	-0.83243	0.38941	-0.733962	0.0301887	-0.678519	-55.1633	11.6599	646.982
100	-0.68954	-0.721763	-0.0599328	0.328686	-0.385601	0.862135	-0.645368	0.574778	0.503121	-171.132	-42.098	723.102
100	0.507389	-0.557418	-0.657146	-0.420686	-0.825781	0.375645	-0.75205	0.0858544	-0.653491	-58.0676	7.0262	637.643
101	-0.781711	-0.62225	-0.0416352	0.349162	-0.492003	0.797508	-0.516734	0.608883	0.60187	-169.851	-49.4837	717.441
101	0.441096	-0.532951	-0.722079	-0.437991	-0.830094	0.345119	-0.783325	0.164033	-0.599579	-66.0792	4.54911	623.569
102	-0.859199	-0.510565	-0.033174	0.309726	-0.570637	0.760555	-0.407243	0.643193	0.648426	-164.214	-65.3044	707.045
102	0.35048	-0.516116	-0.781529	-0.497587	-0.809559	0.311483	-0.793455	0.27971	-0.540547	-70.6336	-6.77459	605.473
103	-0.92083	-0.389137	-0.0254025	0.252947	-0.645596	0.720571	-0.296801	0.657098	0.692915	-160.874	-73.6222	691.382
103	0.264373	-0.482753	-0.834899	-0.559437	-0.781931	0.274979	-0.785581	0.394377	-0.476791	-78.3139	-11.0554	582.896
104	-0.965375	-0.26022	-0.0183241	0.19044	-0.751023	0.632216	-0.178277	0.606837	0.774575	-156.556	-89.3197	686.642
104	0.201544	-0.470344	-0.85916	-0.626979	-0.735855	0.255763	-0.752514	0.487128	-0.443203	-79.8003	-24.9055	575.021
105	-0.980991	-0.193686	-0.0119395	0.157503	-0.83065	0.534053	-0.113356	0.522021	0.845367	-144.119	-97.3759	676.335
105	0.130567	-0.410472	-0.902477	-0.688533	-0.692493	0.215351	-0.713355	0.593267	-0.37304	-79.5088	-29.6958	559.097
106	-0.992013	-0.126138	-0.000560109	0.113799	-0.896866	0.427412	-0.0544154	0.423934	0.904057	-130.958	-112.49	671.727
106	0.0996072	-0.375636	-0.921399	-0.719013	-0.667282	0.194309	-0.687822	0.643143	-0.336553	-72.6649	-43.3848	552.034
107	-0.999934	0.010617	0.00443332	-0.00869004	-0.949464	0.313754	0.0075404	0.313695	0.949494	-116.258	-119.597	662.376
107	0.0483371	-0.297617	-0.953461	-0.778435	-0.609357	0.150743	-0.625862	0.73492	-0.26113	-71.0302	-48.0942	538.514
108	-0.989047	0.147339	0.00873095	-0.142842	-0.970397	0.194743	0.0371658	0.191363	0.980815	-107.819	-126.806	657.739
108	0.0235336	-0.210036	-0.97741	-0.806355	-0.581921	0.105634	-0.590963	0.785654	-0.183059	-76.1167	-53.5287	530.754
109	-0.97651	0.214883	0.0159306	-0.2109	-0.968323	0.133686	0.0441529	0.127186	0.990896	-89.8563	-133.417	644.513
109	0.00143466	-0.118869	-0.992909	-0.860223	-0.506447	0.0593877	-0.509915	0.854038	-0.10298	-72.0247	-59.0126	515.494
110	-0.959323	0.281472	0.0217356	-0.279313	-0.957511	0.0718084	0.0410241	0.0628165	0.997182	-81.093	-139.71	631.809
110	-0.00273495	-0.0719159	-0.997407	-0.884759	-0.464661	0.0359295	-0.46604	0.882563	-0.0623574	-70.2978	-65.0177	502.177
111	-0.911489	0.410492	0.0261446	-0.410391	-0.911862	0.00935204	0.0276792	-0.00220521	0.999614	-71.9138	-145.6	623.674
111	0.00313805	0.0224598	-0.999743	-0.927373	-0.373967	-0.0113123	-0.374125	0.92717	0.0196551	-75.3155	-70.7954	493.702
112	-0.880969	0.472274	0.029158	-0.472265	-0.873789	-0.11601	-0.0293107	-0.115972	0.99282	-62.4301	-156.657	612.108
112	0.0221495	0.115454	-0.993066	-0.944708	-0.322639	-0.0585809	-0.327165	0.939454	0.101924	-80.064	-82.4293	482.96
113	-0.846281	0.531893	0.0299663	-0.522644	-0.818037	-0.240121	-0.103205	-0.218872	0.97028	-52.7576	-161.745	605.008
113	0.0392837	0.160119	-0.986316	-0.959333	-0.270088	-0.0820553	-0.279531	0.949428	0.142997	-77.4877	-88.1114	476.686
114	-0.764947	0.643386	0.0301889	-0.620731	-0.723882	-0.301144	-0.171898	-0.249098	0.953101	-33.0645	-170.969	598.4
114	0.0713622	0.199635	-0.977268	-0.980602	-0.165278	-0.105369	-0.182557	0.965831	0.183968	-64.8655	-98.1124	471.196
115	-0.668962	0.74273	0.029015	-0.682474	-0.598289	-0.419857	-0.294481	-0.30067	0.907126	-23.2872	-174.556	594.867
115	0.0996057	0.238925	-0.965916	-0.985783	-0.108322	-0.128449	-0.13532	0.964977	0.224739	-62.1156	-102.661	469.075
116	-0.560092	0.827966	0.0277309	-0.709384	-0.462049	-0.532245	-0.427867	-0.317778	0.846136	-4.31836	-181.07	586.504
116	0.131959	0.275305	-0.952257	-0.987241	-0.0498645	-0.151224	-0.0891165	0.960063	0.265212	-50.1129	-110.318	462.419
117	-0.440398	0.897433	0.0257484	-0.734265	-0.343527	-0.58553	-0.516628	-0.276772	0.810242	13.9968	-187.08	583.338
117	0.16815	0.308337	-0.936298	-0.984764	0.00981656	-0.173622	-0.0443427	0.951227	0.30529	-38.6842	-117.651	461.255
118	-0.312166	0.949809	0.0203883	-0.736547	-0.228409	-0.636653	-0.600042	-0.213758	0.770881	22.8374	-191.926	576.608
118	0.22532	0.326212	-0.918051	-0.973103	0.121747	-0.195571	0.0479721	0.937424	0.34487	-36.6321	-123.996	456.821
119	-0.177803	0.983972	0.013633	-0.673159	-0.111511	-0.731042	-0.717804	-0.139159	0.682196	30.7626	-193.749	574.645
119	0.269435	0.34905	-0.897535	-0.959003	0.182274	-0.217001	0.0878527	0.919206	0.383851	-35.3789	-127.493	457.447
120	-0.0398887	0.999158	0.00955823	-0.581462	-0.0154318	-0.813427	-0.812595	-0.0380043	0.581588	45.679	-194.96	572.969
120	0.364465	0.380562	-0.849905	-0.917778	0.301294	-0.258661	0.157635	0.874297	0.459082	-33.3615	-132.381	461.9
121	0.0989007	0.995097	1.35263e-05	-0.468384	0.0465637	-0.882297	-0.877972	0.0872534	0.470693	52.684	-195.181	568.809
121	0.434606	0.366049	-0.822877	-0.869838	0.407441	-0.278162	0.233454	0.83666	0.495479	-32.549	-134.758	461.179
122	0.167789	0.985808	-0.00545434	-0.406873	0.0642101	-0.911225	-0.897943	0.155113	0.411872	64.3832	-195.148	566.783
122	0.485628	0.366253	-0.793741	-0.834852	0.463551	-0.296887	0.259204	0.806833	0.53088	-26.8553	-137.035	462.867
123	0.235873	0.971621	-0.0177811	-0.345091	0.0666422	-0.9362	-0.908447	0.22696	0.351017	69.7103	-194.491	565.021
123	0.536814	0.361038	-0.76255	-0.795439	0.517874	-0.314773	0.28126	0.775537	0.565186	-27.3291	-138.836	465.092
124	0.302773	0.952542	-0.0314945	-0.223461	0.0388268	-0.973939	-0.926496	0.30192	0.224612	74.0908	-192.219	563.038
124	0.618082	0.368545	-0.694369	-0.737107	0.578696	-0.348975	0.273216	0.72752	0.629339	-33.8521	-141.709	471.949
125	0.36822	0.928918	-0.0390433	-0.162684	0.0230276	-0.986409	-0.915395	0.369568	0.159599	79.0055	-187.468	562.64
125	0.69552	0.36474	-0.619044	-0.671525	0.636418	-0.379508	0.255549	0.679659	0.687574	-38.798	-142.596	481.345
126	0.493493	0.868464	-0.0472825	-0.0472319	-0.0275235	-0.998505	-0.868466	0.494988	0.0274366	80.3728	-184.982	562.842
126	0.741852	0.338446	-0.578887	-0.617349	0.681748	-0.392557	0.261796	0.648594	0.714695	-41.9383	-143.179	486.734
127	0.55222	0.83115	-0.065134	0.0521866	-0.112435	-0.992288	-0.832063	0.544562	-0.105464	80.8939	-178.851	563.052
127	0.785563	0.307181	-0.53715	-0.559468	0.723462	-0.404474	0.26436	0.618258	0.740183	-45.6291	-140.214	492.348
128	0.60837	0.790126	-0.074742	0.0912919	-0.163218	-0.982357	-0.788385	0.590813	-0.171429	81.044	-175.226	564.451
128	0.826123	0.271212	-0.493929	-0.498155	0.761206	-0.415219	0.263369	0.589075	0.763955	-49.3814	-139.846	499.355
129	0.660788	0.744497	-0.0953125	0.116209	-0.226935	-0.966952	-0.741522	0.627874	-0.236473	77.1457	-166.158	566.495
129	0.883867	0.236439	-0.403578	-0.412707	0.800272	-0.435016	0.220117	0.551055	0.804914	-60.096	-137.375	513.238
130	0.757063	0.644641	-0.106269	0.161782	-0.342558	-0.925462	-0.632994	0.683441	-0.36363	71.0964	-161.494	569.46
130	0.940548	0.141361	-0.308847	-0.275476	0.849402	-0.450144	0.198702	0.508462	0.837845	-71.5703	-139.568	528.65
131	0.799112	0.589509	-0.117896	0.206605	-0.453457	-0.867001	-0.564566	0.668473	-0.484158	67.0336	-156.357	570.181
131	0.976904	0.035598	-0.210691	-0.131296	0.877925	-0.460444	0.16858	0.477473	0.862323	-79.5993	-141.471	542.302
132	0.835553	0.530617	-0.142464	0.191607	-0.524456	-0.829598	-0.514915	0.665876	-0.539881	61.9825	-150.784	572.05
132	0.993716	-0.0201037	-0.110115	-0.0337282	0.884241	-0.465811	0.106733	0.466597	0.878006	-87.1053	-143.043	557.459
133	0.866953	0.469115	-0.168296	0.19911	-0.635571	-0.745925	-0.456889	0.613173	-0.644416	56.0057	-138.497	574.202
133	0.989287	-0.133436	-0.0592154	0.0908955	0.880423	-0.465395	0.114235	0.455027	0.88312	-93.7311	-134.356	566.344
134	0.921543	0.34306	-0.181844	0.149072	-0.745056	-0.65013	-0.358518	0.572015	-0.737742	43.0987	-131.946	579.06
134	0.969263	-0.245896	-0.00804913	0.214255	0.859718	-0.463659	0.120932	0.447683	0.885977	-106.896	-131.386	577.99
135	0.940611	0.27717	-0.196028	0.109861	-0.794874	-0.596746	-0.321218	0.53977	-0.778118	28.5678	-125.204	583.866
135	0.949313	-0.299814	-0.0944256	0.225729	0.859291	-0.458984	0.218749	0.414405	0.883412	-120.762	-118.674	571.297
136	0.954649	0.210221	-0.210839	0.0849746	-0.871066	-0.483759	-0.28535	0.443904	-0.849426	20.2967	-118.321	592.248
136	0.902833	-0.40464	-0.145458	0.302669	0.838318	-0.453448	0.305424	0.365362	0.879333	-128.108	-108.321	572.856
137	0.967483	0.0747675	-0.241633	-0.0352316	-0.906164	-0.421456	-0.25047	0.416265	-0.874064	2.61009	-111.343	601.49
137	0.859943	-0.44696	-0.246424	0.310959	0.841673	-0.441464	0.404725	0.303006	0.862777	-142.764	-94.5058	568.583
138	0.961849	0.00704274	-0.273492	-0.0948321	-0.929108	-0.357442	-0.256621	0.369741	-0.892993	-15.6603	-97.0206	608.431
138	0.790587	-0.536012	-0.296081	0.389485	0.813269	-0.432314	0.472519	0.226463	0.851728	-158.935	-76.9193	568.828
139	0.948679	-0.126217	-0.28996	-0.197265	-0.952833	-0.230643	-0.247173	0.276006	-0.928831	-34.9699	-89.6044	615.853
139	0.744751	-0.571227	-0.345031	0.420522	0.803164	-0.422005	0.518177	0.169195	0.838371	-175.759	-66.3348	569.624
140	0.911345	-0.254023	-0.323916	-0.299948	-0.94871	-0.0999071	-0.281924	0.188208	-0.940796	-44.854	-74.6375	623.6
140	0.695474	-0.601467	-0.393134	0.452521	0.791613	-0.410578	0.558158	0.107645	0.822722	-182.776	-48.3055	570.835
141	0.855571	-0.373254	-0.358719	-0.389133	-0.920696	0.0298906	-0.341428	0.114016	-0.932967	-54.8454	-67.1385	631.926
141	0.643319	-0.626354	-0.440252	0.485435	0.778386	-0.39808	0.592025	0.0423791	0.804805	-189.527	-37.8601	572.733
142	0.814669	-0.425287	-0.394265	-0.396943	-0.904568	0.155541	-0.422789	0.0297859	-0.905739	-74.9466	-52.914	645.11
142	0.588894	-0.645574	-0.486249	0.519183	0.763255	-0.384565	0.619397	-0.0259842	0.784648	-206.02	-20.8146	579.616
143	0.734318	-0.524879	-0.430441	-0.481986	-0.849681	0.213846	-0.477981	0.0504353	-0.876921	-94.8921	-45.5401	649.846
143	0.492728	-0.689397	-0.530991	0.597024	0.711757	-0.370086	0.633073	-0.134663	0.762289	-221.999	-10.754	578.195
144	0.640903	-0.609132	-0.46712	-0.553632	-0.788327	0.26839	-0.531728	0.0866006	-0.842476	-114.045	-39.1607	664.132
144	0.418916	-0.666983	-0.616152	0.621202	0.705433	-0.34128	0.662282	-0.239787	0.709848	-232.189	0.886292	580.836
145	0.583042	-0.637088	-0.504164	-0.518083	-0.769561	0.373318	-0.625821	0.0435387	-0.77875	-132.944	-33.0291	679.302
145	0.321953	-0.682334	-0.656328	0.696234	0.640406	-0.324252	0.641564	-0.352564	0.681244	-246.115	9.28157	590.409
146	0.523075	-0.658223	-0.541419	-0.466145	-0.752766	0.464815	-0.713514	0.00924686	-0.70058	-141.65	-20.3741	684.405
146	0.267223	-0.667758	-0.69476	0.729894	0.610989	-0.306506	0.629163	-0.425196	0.650663	-249.536	24.0369	590.128
147	0.413866	-0.702707	-0.57872	-0.504249	-0.706244	0.496944	-0.757924	0.0861509	-0.64663	-149.758	-7.33421	689.659
147	0.202382	-0.610258	-0.765916	0.758466	0.592418	-0.271607	0.619492	-0.525953	0.582755	-246.199	41.1993	585.526
148	0.307176	-0.740729	-0.597465	-0.539816	-0.652664	0.531627	-0.783736	0.159218	-0.60034	-157.166	-2.14442	700.443
148	0.110553	-0.548547	-0.828779	0.821699	0.519547	-0.234266	0.559096	-0.655108	0.508178	-241.102	49.9007	587.545
149	0.197893	-0.762156	-0.616406	-0.510805	-0.616892	0.598767	-0.83661	0.196372	-0.511392	-170.402	2.67339	705.961
149	0.0646483	-0.465584	-0.882639	0.850931	0.487757	-0.194961	0.521284	-0.738461	0.427712	-240.909	57.5868	585.49
150	0.138783	-0.743464	-0.654218	-0.427237	-0.640922	0.637721	-0.893425	0.191002	-0.406584	-181.893	8.07355	717.976
150	0.00589851	-0.375294	-0.926887	0.905631	0.395043	-0.154189	0.424026	-0.838508	0.342208	-238.194	65.1879	591.216
151	0.0329709	-0.721714	-0.691406	-0.449356	-0.628624	0.634752	-0.892744	0.289759	-0.345033	-186.696	17.0238	724.522
151	-0.0126132	-0.276194	-0.961019	0.930425	0.348802	-0.112456	0.366265	-0.895575	0.252578	-228.168	75.6565	592.832
152	-0.0637894	-0.682883	-0.727737	-0.412683	-0.645901	0.642265	-0.908638	0.341294	-0.240613	-191.482	21.4857	730.329
152	-0.0186786	-0.17356	-0.984646	0.952539	0.296192	-0.0702782	0.303842	-0.939227	0.15979	-217.667	80.9481	595.131
153	-0.104576	-0.637919	-0.76297	-0.399269	-0.675705	0.619683	-0.91085	0.369434	-0.184039	-194.234	28.5383	747.956
153	-0.0161735	-0.0688302	-0.997497	0.983804	0.177023	-0.0281666	0.178519	-0.981797	0.0648523	-204.84	88.144	610.717
154	-0.14369	-0.608809	-0.780196	-0.3863	-0.691326	0.610607	-0.911112	0.389127	-0.135846	-195.903	35.3383	753.885
154	0.011792	0.031829	-0.999424	0.998659	0.0500039	0.0133754	0.0504008	-0.998242	-0.0311967	-190.811	94.4124	616.102
155	-0.178977	-0.576524	-0.797237	-0.311296	-0.735507	0.601768	-0.933307	0.35588	-0.0478304	-197.033	37.4949	771.788
155	0.0397481	0.0764915	-0.996278	0.996214	-0.0801839	0.0335892	-0.0773161	-0.993841	-0.0793891	-184.102	95.7256	634.158
156	-0.247048	-0.525652	-0.814038	-0.291079	-0.761023	0.579757	-0.924251	0.380177	0.0350026	-197.434	39.1609	783.771
156	0.0785129	0.11376	-0.990401	0.976201	-0.210229	0.0532397	-0.202155	-0.971011	-0.127559	-176.7	96.3821	646.673
157	-0.271144	-0.486506	-0.830538	-0.287576	-0.782506	0.552254	-0.918575	0.388583	0.0722645	-194.135	40.8013	801.77
157	0.117411	0.1492	-0.981812	0.957797	-0.278215	0.0722608	-0.262373	-0.94886	-0.175569	-165.656	96.8536	665.583
158	-0.29049	-0.445819	-0.846676	-0.286623	-0.803663	0.521509	-0.912942	0.39417	0.105674	-188.669	42.4943	807.764
158	0.194233	0.21723	-0.9566	0.930491	-0.349549	0.109554	-0.31058	-0.911387	-0.270025	-144.959	96.4401	674.801
159	-0.304941	-0.404095	-0.862391	-0.287989	-0.824001	0.487939	-0.907785	0.397151	0.134897	-181.866	43.0626	820.69
159	0.277556	0.273583	-0.920932	0.895305	-0.421305	0.144674	-0.348413	-0.86467	-0.361876	-123.408	94.3431	692.422
160	-0.296475	-0.341218	-0.892005	-0.300266	-0.853331	0.426223	-0.906611	0.394203	0.150535	-177.756	42.7255	839.457
160	0.365285	0.317132	-0.875211	0.852145	-0.492375	0.177247	-0.374722	-0.810552	-0.450099	-105.195	90.8281	717.305
161	-0.278917	-0.279606	-0.918709	-0.313508	-0.877746	0.362319	-0.907699	0.389079	0.15716	-166.296	41.0454	845.342
161	0.420488	0.320664	-0.848743	0.809362	-0.555326	0.19117	-0.410028	-0.767325	-0.493041	-86.9754	87.07	726.641
162	-0.275074	-0.240235	-0.930925	-0.255119	-0.915327	0.311594	-0.926957	0.323208	0.190494	-159.693	38.2552	857.862
162	0.531907	0.307568	-0.788972	0.711194	-0.667992	0.219066	-0.459649	-0.677635	-0.57405	-67.5288	80.4497	747.293
163	-0.27971	-0.183492	-0.942387	-0.260317	-0.930302	0.258404	-0.92412	0.317598	0.212449	-145.261	36.1862	875.079
163	0.603926	0.252938	-0.755841	0.6067	-0.76089	0.230133	-0.516903	-0.597552	-0.612978	-47.0477	76.0356	768.936
164	-0.244721	-0.116244	-0.9626	-0.336694	-0.920819	0.196796	-0.909257	0.372262	0.186205	-137.165	31.2368	892.782
164	0.689885	0.238325	-0.683564	0.530085	-0.809386	0.252794	-0.49302	-0.536746	-0.684715	-27.6814	66.7491	796.593
165	-0.221522	-0.0871908	-0.97125	-0.277756	-0.949096	0.148553	-0.934762	0.302678	0.186028	-119.771	24.7642	903.853
165	0.76849	0.211389	-0.603936	0.447954	-0.851711	0.271893	-0.456903	-0.479482	-0.749224	-0.216148	55.6674	818.697
166	-0.194802	-0.0616686	-0.978902	-0.215968	-0.970831	0.104138	-0.956771	0.231698	0.175801	-101.39	17.7799	915.307
166	0.810207	0.167665	-0.561653	0.375589	-0.884151	0.277865	-0.449998	-0.436079	-0.779318	22.716	46.0737	835.952
167	-0.164959	-0.0400709	-0.985486	-0.218742	-0.972805	0.0761701	-0.961738	0.228132	0.151708	-82.1146	14.1541	920.584
167	0.84713	0.118957	-0.517899	0.300735	-0.910845	0.282701	-0.438097	-0.395235	-0.807379	46.2016	39.8268	847.264
168	-0.0983118	-0.0100541	-0.995105	-0.221161	-0.974722	0.0316978	-0.970269	0.223195	0.0936031	-62.4482	4.53485	936.427
168	0.90199	0.0675824	-0.426434	0.208876	-0.932704	0.293996	-0.377868	-0.354253	-0.855406	73.2296	25.3255	875.935
169	-0.0261771	-0.000885683	-0.999657	-0.22144	-0.975151	0.00666262	-0.974823	0.221539	0.0253305	-42.1252	-0.737078	941.763
169	0.924005	-0.0508825	-0.378979	0.0688036	-0.952807	0.295678	-0.376139	-0.299283	-0.876897	96.6856	17.4262	887.895
170	0.0475162	-0.0048709	-0.998859	-0.218967	-0.975716	-0.00565831	-0.974575	0.218986	-0.0474289	-31.6458	-5.52869	946.829
170	0.943222	-0.176659	-0.281289	-0.0879929	-0.949478	0.301246	-0.320296	-0.25939	-0.911113	112.298	7.71669	906.768
171	0.0840302	-0.0144273	-0.996359	-0.217697	-0.976007	-0.00422733	-0.972392	0.217259	-0.0851549	-21.1665	-16.7446	960.642
171	0.94254	-0.241056	-0.231325	-0.166627	-0.939307	0.299895	-0.289577	-0.244118	-0.925501	124.765	-6.04854	927.633
172	0.153534	-0.0484329	-0.986956	-0.282491	-0.959265	0.00312873	-0.946903	0.278326	-0.160962	-1.15859	-22.1899	973.94
172	0.934883	-0.305442	-0.180827	-0.244011	-0.923002	0.297532	-0.257783	-0.234034	-0.937431	146.369	-13.9843	948.087
